gene_index,cell_type
7166,1
7245,1
11888,1
1239,1
10343,1
10352,1
14775,1
11826,1
14881,1
15184,1
8923,1
9016,1
7291,1
10409,1
7306,1
4536,1
14887,1
9568,1
4552,1
15469,1
15204,1
7294,1
15430,1
15433,1
12702,1
5571,1
10353,1
7395,1
14108,1
4167,1
4538,1
7190,1
5009,1
2707,1
2171,1
9142,1
2750,1
15456,1
3640,1
8721,1
8833,1
13233,1
12003,1
15444,1
15189,1
15446,1
14773,1
13537,1
8738,1
4665,1
14784,1
10455,1
4237,1
3737,1
8663,1
14860,1
4539,1
15102,1
3220,1
2663,1
1581,1
6691,1
6895,1
14795,1
8177,1
15195,1
8975,1
7399,1
3496,1
10347,1
3513,1
2225,1
3371,1
2804,1
8641,1
4852,1
6747,1
5429,1
2722,1
3537,1
5548,1
12693,1
5277,1
15477,1
2546,1
11238,1
15478,1
14888,1
15436,1
15435,1
14814,1
14796,1
15434,1
2814,1
15197,1
13068,1
2819,1
12659,1
4645,1
4690,1
15441,1
15439,1
8802,1
11368,1
12935,1
6265,1
1387,1
7933,1
6159,1
6515,1
897,1
3936,1
15206,1
13507,1
10720,1
905,1
11342,1
2550,1
15219,1
2014,1
14853,1
8735,1
4658,1
10718,1
6940,1
10344,1
15442,1
15443,1
10218,1
4388,1
14871,1
14152,1
616,1
8503,1
13516,1
4646,1
4596,1
15487,1
541,1
14873,1
14902,1
14507,1
12787,1
20,1
2349,1
2523,1
6883,1
7326,1
3748,1
15034,1
7199,1
15079,1
1396,1
3557,1
1316,1
1881,1
9237,1
3538,1
11370,1
7230,1
4000,1
8653,1
1995,1
1368,1
9602,1
14904,1
2420,1
372,1
15495,1
7200,1
6902,1
7059,1
15599,1
14806,1
2703,1
14862,1
15485,1
15468,1
15110,1
12785,1
12782,1
8517,1
14891,1
14788,1
3509,1
8888,1
14894,1
7371,1
9163,1
9020,1
8977,1
2186,1
4529,1
1993,1
5451,1
8621,1
9203,1
14866,1
4654,1
14855,1
547,1
2000,1
1377,1
4692,1
7360,1
10378,1
5795,1
14789,1
15429,1
5599,1
15583,1
9017,1
13211,1
2133,1
9050,1
4087,1
10335,1
10535,1
9410,1
435,1
663,1
2216,1
2175,1
7368,1
4031,1
8657,1
8890,1
7367,1
4595,1
14786,1
14787,1
2807,1
2364,1
3215,1
11866,1
14800,1
15440,1
10615,1
7040,1
10359,1
2048,1
14801,1
14872,1
8190,1
2932,1
4259,1
2490,1
14883,1
261,1
7400,1
14815,1
15109,1
15253,1
1375,1
3414,1
15101,1
8315,1
95,1
13407,1
5783,1
14792,1
1603,1
15445,1
9786,1
2122,1
7365,1
5278,1
4011,1
14799,1
9817,1
10473,1
6680,1
14892,1
6475,1
4785,1
15616,1
9119,2
7364,2
7166,2
8674,2
14881,2
15399,2
8868,2
2391,2
7185,2
8685,2
9568,2
1589,2
7525,2
15433,2
4062,2
12172,2
5009,2
2707,2
8721,2
2159,2
612,2
8753,2
15444,2
15189,2
7512,2
8738,2
4237,2
4372,2
6157,2
4342,2
14795,2
4754,2
2993,2
7462,2
8780,2
4210,2
3703,2
2722,2
8562,2
11686,2
5277,2
6907,2
3053,2
15477,2
542,2
15470,2
7502,2
14888,2
7963,2
6991,2
7933,2
5240,2
15367,2
4061,2
6868,2
6367,2
4837,2
15380,2
7397,2
4658,2
10344,2
540,2
13516,2
2418,2
4646,2
15487,2
3813,2
8536,2
7285,2
7326,2
4048,2
3538,2
7230,2
12153,2
8653,2
3732,2
9602,2
14904,2
1205,2
9639,2
5760,2
6101,2
3417,2
3104,2
5298,2
3508,2
9098,2
14891,2
3247,2
6963,2
1938,2
255,2
3526,2
3323,2
6863,2
4339,2
9163,2
3761,2
15403,2
8621,2
9203,2
14866,2
3109,2
619,2
5599,2
8299,2
13211,2
301,2
7441,2
3797,2
7896,2
1392,2
7368,2
8719,2
14998,2
7367,2
5482,2
2249,2
13397,2
7533,2
9201,2
7309,2
9723,2
2876,2
8792,2
4018,2
3436,2
8190,2
8711,2
9230,2
14883,2
10757,2
7400,2
9144,2
1877,2
95,2
8687,2
4115,2
9716,2
9729,2
15282,2
9731,2
3239,2
5862,2
7365,2
14626,2
4014,2
9176,2
4011,2
5237,2
10833,2
3581,2
6587,2
10661,2
7340,2
8486,2
6480,2
6218,2
7364,3
6309,3
1651,3
1876,3
6276,3
7185,3
4060,3
9569,3
3381,3
558,3
8540,3
1937,3
3425,3
6729,3
3640,3
2606,3
15446,3
11932,3
11872,3
14784,3
1355,3
5498,3
2612,3
1801,3
4372,3
6895,3
8109,3
4186,3
11258,3
8819,3
9128,3
574,3
2344,3
15195,3
4830,3
4800,3
5218,3
3226,3
3053,3
607,3
5220,3
3181,3
542,3
1787,3
15470,3
7502,3
1859,3
15124,3
1665,3
5911,3
536,3
1933,3
2265,3
2240,3
7933,3
3316,3
15206,3
2287,3
1482,3
6057,3
3533,3
3144,3
5901,3
7337,3
774,3
3492,3
7246,3
11985,3
1858,3
1724,3
659,3
3336,3
2418,3
13365,3
6365,3
576,3
9495,3
3810,3
3467,3
13554,3
4007,3
6040,3
5962,3
6735,3
7197,3
8394,3
5639,3
5966,3
3876,3
9237,3
7396,3
6000,3
6533,3
5997,3
2426,3
1995,3
4704,3
6749,3
12671,3
7354,3
6391,3
6902,3
4257,3
3104,3
8012,3
8773,3
3247,3
10562,3
3431,3
6963,3
3526,3
2916,3
3815,3
3452,3
1918,3
3966,3
6050,3
1644,3
4838,3
9017,3
2009,3
5898,3
5377,3
9759,3
6252,3
1866,3
6373,3
6217,3
5943,3
5895,3
2224,3
7367,3
6044,3
3599,3
2154,3
3080,3
15091,3
8599,3
2818,3
12797,3
1875,3
2926,3
4006,3
9679,3
12189,3
3164,3
1771,3
8459,3
6221,3
2241,3
6326,3
12675,3
3894,3
1777,3
3582,3
6944,3
6799,3
5672,3
2759,3
3808,3
6548,3
1915,3
15101,3
2843,3
1738,3
7332,3
4054,3
9756,3
4115,3
4116,3
2052,3
9737,3
9729,3
8277,3
6449,3
8417,3
8343,3
15315,3
3620,3
3498,3
5312,3
13823,3
7376,3
6898,3
6845,3
8332,3
8479,3
3448,3
6836,3
3437,3
6587,3
6798,3
3515,3
4092,3
8373,3
6480,3
7571,3
8230,3
2754,3
13689,3
11421,3
8020,4
8009,4
6729,4
3228,4
4460,4
574,4
2279,4
6552,4
7483,4
568,4
3639,4
3565,4
7392,4
3725,4
8015,4
8853,4
3074,5
4458,5
260,5
14502,5
2137,5
8020,5
8009,5
13611,5
1807,5
8058,5
15624,5
3638,5
3974,5
6317,5
3228,5
4460,5
6357,5
7321,5
8108,5
7023,5
7008,5
6107,5
5979,5
7388,5
6744,5
6904,5
7263,5
7391,5
574,5
2795,5
6763,5
5218,5
10229,5
1003,5
584,5
7025,5
3226,5
3592,5
6907,5
3181,5
3249,5
6038,5
1859,5
6114,5
3128,5
5911,5
5887,5
536,5
6693,5
6086,5
3769,5
6125,5
6386,5
6166,5
6544,5
6158,5
6395,5
1685,5
14543,5
6196,5
2287,5
6784,5
1903,5
6367,5
3274,5
7337,5
2004,5
1858,5
2279,5
9069,5
6509,5
6444,5
5381,5
6552,5
1887,5
8536,5
3810,5
13554,5
3435,5
8857,5
5639,5
15371,5
8714,5
5966,5
5891,5
6000,5
9262,5
5997,5
6116,5
3747,5
1368,5
6194,5
129,5
3631,5
6557,5
8548,5
3227,5
5667,5
5760,5
6965,5
8852,5
8021,5
8012,5
5302,5
854,5
568,5
5902,5
6017,5
3526,5
3120,5
7103,5
1363,5
131,5
8014,5
3452,5
1918,5
8002,5
3966,5
7242,5
1397,5
3325,5
3885,5
1884,5
3639,5
9759,5
3637,5
6252,5
1759,5
2167,5
5912,5
6373,5
8001,5
6217,5
5943,5
5895,5
5975,5
6044,5
6511,5
602,5
3308,5
3215,5
3395,5
3268,5
3647,5
7168,5
5387,5
3089,5
7309,5
5903,5
6401,5
6607,5
8762,5
132,5
12832,5
5648,5
8452,5
3866,5
133,5
3582,5
6548,5
9853,5
11268,5
6267,5
11677,5
8475,5
6308,5
6717,5
8828,5
4038,5
8277,5
9711,5
3620,5
6465,5
125,5
6015,5
6845,5
8479,5
6021,5
14554,5
8015,5
8854,5
8853,5
8307,5
5796,5
11421,5
8499,6
4128,6
3082,6
6852,6
8674,6
6876,6
15184,6
8916,6
12151,6
10730,6
3768,6
1807,6
6958,6
1890,6
7373,6
10345,6
8744,6
7320,6
6508,6
8686,6
6873,6
10614,6
8684,6
551,6
8925,6
15624,6
9185,6
15128,6
8689,6
8665,6
6812,6
8722,6
13485,6
9570,6
9208,6
7369,6
694,6
2565,6
7098,6
7061,6
15627,6
7421,6
11258,6
9128,6
7391,6
4344,6
7389,6
8699,6
5784,6
7207,6
5146,6
8920,6
3827,6
8780,6
7422,6
3408,6
8848,6
8669,6
9191,6
6312,6
6811,6
1744,6
6984,6
3115,6
7390,6
4645,6
2469,6
8849,6
7427,6
7490,6
2240,6
7432,6
1935,6
15597,6
6862,6
7428,6
8679,6
11974,6
9159,6
1380,6
7108,6
3787,6
4501,6
6932,6
5486,6
8881,6
7424,6
15092,6
7102,6
8158,6
3136,6
6990,6
1891,6
7311,6
4570,6
4201,6
7403,6
7202,6
8542,6
9235,6
4134,6
9122,6
10371,6
8678,6
9200,6
4176,6
3409,6
9120,6
3802,6
9214,6
6306,6
2278,6
9262,6
2470,6
8528,6
3105,6
9643,6
6964,6
4090,6
9173,6
14153,6
7354,6
8716,6
1211,6
1934,6
6965,6
7477,6
3417,6
8581,6
9504,6
7414,6
7201,6
8717,6
8670,6
9150,6
2176,6
10242,6
4390,6
6865,6
7425,6
8907,6
9169,6
2994,6
2555,6
7146,6
3757,6
5150,6
144,6
7434,6
3424,6
6878,6
3733,6
9141,6
3708,6
1377,6
10619,6
9132,6
7492,6
6697,6
5744,6
7214,6
6854,6
3797,6
2812,6
6698,6
6287,6
15607,6
2190,6
5438,6
3565,6
9619,6
3962,6
6977,6
3655,6
6804,6
7280,6
4180,6
7168,6
5387,6
7075,6
9201,6
3725,6
2377,6
3774,6
15016,6
6906,6
9170,6
1378,6
1212,6
3376,6
7508,6
5672,6
15498,6
2180,6
4162,6
678,6
3722,6
9146,6
11945,6
7426,6
10442,6
3149,6
4345,6
8871,6
2487,6
8455,6
5237,6
8703,6
6798,6
10788,6
10789,6
15173,6
12453,7
12681,7
12507,7
11584,7
12631,7
13459,7
877,7
12533,7
5400,7
2229,7
2772,7
11701,7
13413,7
12903,7
11888,7
12553,7
10352,7
12773,7
12633,7
9540,7
13466,7
14204,7
2588,7
12365,7
13082,7
12626,7
9583,7
12822,7
1769,7
13763,7
12511,7
5348,7
12628,7
7925,7
4727,7
9096,7
8629,7
13006,7
10067,7
5555,7
12727,7
932,7
12535,7
920,7
8868,7
2391,7
2717,7
12520,7
12221,7
2568,7
6543,7
13532,7
2774,7
12718,7
13092,7
5579,7
11915,7
936,7
8631,7
4715,7
10580,7
6248,7
14913,7
12798,7
2252,7
13011,7
3252,7
12525,7
12897,7
11916,7
6595,7
14150,7
658,7
12377,7
8593,7
1739,7
13264,7
5130,7
5660,7
11855,7
12602,7
10250,7
9022,7
14563,7
12780,7
10232,7
13099,7
6056,7
4540,7
13418,7
13792,7
12475,7
11745,7
14077,7
11212,7
13735,7
6036,7
9407,7
12003,7
6510,7
6736,7
13270,7
14568,7
12658,7
9198,7
6065,7
12225,7
12381,7
10524,7
11737,7
12516,7
5324,7
13537,7
4729,7
14243,7
5566,7
795,7
14289,7
12509,7
5979,7
12861,7
7118,7
1498,7
12734,7
13111,7
6527,7
9023,7
12662,7
12222,7
13183,7
2600,7
12880,7
12712,7
12175,7
5216,7
5374,7
2612,7
9210,7
12728,7
5669,7
11292,7
4612,7
12997,7
3800,7
8614,7
14519,7
1104,7
2663,7
12898,7
5616,7
11738,7
6085,7
1581,7
5730,7
14017,7
12539,7
13350,7
11939,7
12881,7
12435,7
6183,7
10476,7
12481,7
12519,7
5564,7
12803,7
13467,7
8819,7
8177,7
13137,7
13519,7
12522,7
12512,7
3351,7
8633,7
11298,7
4754,7
12491,7
2756,7
12542,7
2795,7
13520,7
12465,7
4830,7
9546,7
5450,7
12194,7
8976,7
12087,7
10347,7
5413,7
13125,7
5146,7
13805,7
4840,7
4800,7
14444,7
10703,7
4137,7
5609,7
15072,7
11837,7
6540,7
6332,7
12299,7
12639,7
12944,7
12947,7
12170,7
12592,7
12578,7
13128,7
8870,7
13738,7
13781,7
8617,7
10443,7
6514,7
13129,7
13473,7
12563,7
9399,7
6061,7
596,7
5635,7
13560,7
9,7
13767,7
8848,7
13314,7
12693,7
8939,7
12466,7
2701,7
3478,7
11280,7
15165,7
3249,7
14586,7
9547,7
13493,7
13039,7
12023,7
13260,7
11958,7
13517,7
15011,7
5518,7
11912,7
4568,7
9785,7
3944,7
12559,7
11694,7
12726,7
12883,7
12916,7
13424,7
923,7
11880,7
12004,7
12471,7
5433,7
2351,7
12454,7
12974,7
4318,7
12526,7
13335,7
10704,7
6634,7
9677,7
757,7
12425,7
13134,7
13067,7
10356,7
13101,7
13068,7
11914,7
10706,7
13806,7
12470,7
2018,7
10318,7
12540,7
11244,7
1433,7
8781,7
6086,7
10561,7
3519,7
12935,7
11363,7
6070,7
2438,7
13474,7
14520,7
5589,7
7963,7
14749,7
9395,7
11740,7
12634,7
10768,7
12711,7
11417,7
698,7
12774,7
9287,7
10483,7
13315,7
4757,7
313,7
1393,7
3824,7
15050,7
12760,7
897,7
12751,7
8967,7
11310,7
1573,7
7569,7
6081,7
9052,7
13982,7
12517,7
6057,7
9541,7
5399,7
4220,7
9263,7
13081,7
7785,7
4581,7
5715,7
4668,7
13278,7
8968,7
12747,7
11992,7
12850,7
12548,7
12524,7
12555,7
12836,7
12019,7
10477,7
4723,7
88,7
12979,7
6495,7
4446,7
13579,7
3196,7
12744,7
11713,7
6488,7
12562,7
11917,7
6493,7
8831,7
2014,7
12503,7
12551,7
13402,7
12823,7
12546,7
2516,7
12990,7
1814,7
3998,7
6486,7
6077,7
12370,7
10416,7
15442,7
12900,7
937,7
5485,7
7246,7
12635,7
5659,7
12928,7
12508,7
636,7
12537,7
8214,7
11896,7
6120,7
6462,7
13463,7
12515,7
8516,7
15057,7
8531,7
2726,7
11708,7
12468,7
2336,7
8615,7
12455,7
13417,7
9061,7
13266,7
12660,7
12027,7
618,7
12157,7
12482,7
950,7
15047,7
6444,7
310,7
1632,7
12504,7
13242,7
5489,7
10380,7
13000,7
841,7
11922,7
7193,7
11781,7
13077,7
5471,7
14997,7
6283,7
12544,7
11954,7
6517,7
13036,7
10432,7
13384,7
12807,7
9492,7
8596,7
12752,7
5528,7
13083,7
13392,7
5610,7
11337,7
13090,7
13261,7
5508,7
12831,7
8604,7
3302,7
10451,7
6040,7
11227,7
5962,7
4148,7
4671,7
12913,7
12852,7
13771,7
12513,7
141,7
12024,7
12738,7
10381,7
15039,7
4284,7
10551,7
109,7
5522,7
11816,7
12929,7
11873,7
5891,7
7178,7
12514,7
314,7
9443,7
9258,7
6078,7
8601,7
6028,7
12826,7
2706,7
10987,7
12758,7
26,7
8760,7
6597,7
10854,7
5883,7
12567,7
12888,7
12549,7
5673,7
3447,7
5821,7
3838,7
2530,7
13161,7
12936,7
6080,7
8222,7
586,7
9370,7
14856,7
8858,7
6211,7
5444,7
2874,7
2638,7
915,7
12483,7
2091,7
959,7
1767,7
3585,7
3389,7
5421,7
4718,7
3732,7
2036,7
11987,7
12730,7
8844,7
760,7
12815,7
246,7
1246,7
6160,7
6186,7
5557,7
7570,7
3751,7
6478,7
4591,7
11103,7
11791,7
13739,7
6359,7
12834,7
7200,7
5581,7
4257,7
4865,7
12180,7
15599,7
5490,7
6101,7
2407,7
325,7
8154,7
9577,7
5521,7
8547,7
5519,7
10314,7
14467,7
13388,7
12750,7
1638,7
14610,7
9326,7
8581,7
6482,7
4777,7
12837,7
8713,7
13337,7
7581,7
6463,7
5902,7
12493,7
14517,7
10449,7
6017,7
2894,7
12809,7
12746,7
1451,7
7114,7
11948,7
14924,7
5484,7
4199,7
5455,7
9405,7
10647,7
12731,7
4254,7
12150,7
12527,7
12536,7
608,7
11773,7
5530,7
502,7
6378,7
12568,7
6203,7
315,7
1436,7
13419,7
12383,7
13696,7
11572,7
7146,7
6041,7
1438,7
13783,7
8185,7
5563,7
69,7
2494,7
14808,7
11234,7
5514,7
317,7
11309,7
12428,7
5507,7
13784,7
251,7
15162,7
2883,7
3806,7
3377,7
14573,7
12476,7
9682,7
5451,7
13796,7
12632,7
6788,7
6188,7
11832,7
15308,7
8250,7
13153,7
12686,7
4455,7
12819,7
12930,7
13095,7
6190,7
6294,7
15381,7
12532,7
10411,7
3332,7
10373,7
13146,7
12521,7
6185,7
13150,7
6043,7
8110,7
6525,7
2383,7
14625,7
3372,7
6297,7
13162,7
13156,7
1403,7
881,7
6141,7
12545,7
13414,7
320,7
3214,7
12518,7
623,7
15225,7
12431,7
12510,7
12109,7
6831,7
1391,7
3186,7
11799,7
12793,7
13788,7
12223,7
5912,7
10765,7
13139,7
1449,7
11885,7
8414,7
11736,7
12789,7
5411,7
4385,7
14290,7
13443,7
2497,7
12816,7
12813,7
8628,7
5895,7
3273,7
4717,7
6044,7
12467,7
5915,7
4728,7
13124,7
12472,7
6192,7
12716,7
12557,7
12550,7
7972,7
10613,7
12561,7
9493,7
3520,7
13108,7
12484,7
600,7
1456,7
2714,7
12820,7
11921,7
14756,7
6669,7
11072,7
3962,7
9313,7
13367,7
7050,7
12479,7
2617,7
8599,7
13759,7
6804,7
4193,7
2818,7
8598,7
14525,7
9021,7
13789,7
4180,7
7931,7
13777,7
13147,7
9679,7
8511,7
13461,7
11236,7
13769,7
10224,7
1576,7
7116,7
5763,7
9629,7
12458,7
7186,7
5903,7
6240,7
10808,7
12371,7
6227,7
11710,7
11882,7
13222,7
12372,7
13084,7
10672,7
13097,7
12889,7
12323,7
322,7
12783,7
13196,7
955,7
12534,7
14805,7
12951,7
8106,7
13780,7
6178,7
6132,7
6221,7
15044,7
9722,7
6596,7
9739,7
2128,7
12411,7
87,7
3218,7
6305,7
13584,7
15406,7
7239,7
13450,7
6546,7
10845,7
10796,7
9516,7
12384,7
12489,7
10797,7
6589,7
12992,7
12675,7
6592,7
6590,7
9695,7
7208,7
12918,7
9789,7
9750,7
8583,7
8138,7
2912,7
6390,7
12488,7
9800,7
9740,7
13157,7
8303,7
6151,7
6275,7
6150,7
5488,7
12528,7
11102,7
12672,7
6426,7
2873,7
15253,7
15407,7
2859,7
15498,7
2180,7
11889,7
13522,7
12477,7
9853,7
13431,7
9773,7
13395,7
12461,7
5893,7
10696,7
10840,7
5570,7
14435,7
3868,7
7546,7
13005,7
12373,7
2913,7
6267,7
13568,7
1772,7
15020,7
6220,7
10418,7
4719,7
13014,7
8294,7
9543,7
8285,7
4149,7
9781,7
11830,7
12636,7
14484,7
8097,7
15285,7
12742,7
6717,7
8605,7
6167,7
4429,7
13328,7
12414,7
7334,7
2052,7
6621,7
13587,7
14537,7
7691,7
6623,7
6232,7
8252,7
10818,7
8828,7
8333,7
14163,7
6133,7
8454,7
15289,7
15282,7
15266,7
8261,7
5334,7
14908,7
15288,7
15315,7
9731,7
15328,7
5822,7
14154,7
11969,7
7467,7
13472,7
11805,7
2849,7
7446,7
7153,7
13449,7
125,7
6135,7
12289,7
8774,7
8422,7
14641,7
14627,7
3025,7
4221,7
4396,7
6410,7
5814,7
12505,7
8269,7
13416,7
9317,7
3559,7
11833,7
4046,7
6476,7
11426,7
3516,7
12937,7
8320,7
8332,7
8425,7
5856,7
5847,7
6303,7
14684,7
6109,7
14652,7
12469,7
9889,7
5177,7
8456,7
6849,7
15280,7
15324,7
7601,7
10833,7
6662,7
10473,7
5699,7
15284,7
8341,7
12945,7
8410,7
10592,7
6619,7
4721,7
94,7
6198,7
11785,7
15296,7
5523,7
2626,7
9743,7
15302,7
15281,7
9753,7
15301,7
13445,7
15255,7
5816,7
15267,7
12459,7
15278,7
4045,7
11764,7
6223,7
4371,7
13352,7
6629,7
9622,7
9814,7
7667,7
6218,7
13622,7
604,7
9807,7
13518,7
6484,7
15310,7
4751,7
7662,7
13426,7
8876,8
5710,8
12896,8
12507,8
10470,8
12533,8
13263,8
5597,8
10001,8
1651,8
12903,8
12296,8
13387,8
12538,8
9540,8
7248,8
12365,8
12938,8
13763,8
12511,8
12628,8
13223,8
14582,8
13718,8
8916,8
13778,8
12413,8
12976,8
13006,8
13031,8
12535,8
12344,8
12221,8
4637,8
12400,8
12173,8
10248,8
12718,8
13092,8
12982,8
1593,8
8182,8
8631,8
4715,8
13085,8
13224,8
5499,8
11221,8
12844,8
11346,8
12798,8
13011,8
12525,8
13286,8
12897,8
3381,8
12377,8
3588,8
13264,8
5551,8
12419,8
12379,8
4230,8
13503,8
10538,8
13087,8
3015,8
12367,8
12298,8
12601,8
13274,8
13166,8
10232,8
12685,8
13265,8
4289,8
12629,8
13792,8
12475,8
12369,8
13066,8
13093,8
13313,8
12970,8
13735,8
12720,8
12389,8
6510,8
13270,8
12800,8
13324,8
5070,8
2503,8
10346,8
8834,8
12386,8
11933,8
11737,8
12516,8
13436,8
14898,8
12509,8
12861,8
12560,8
6501,8
11361,8
8595,8
11211,8
10374,8
14609,8
11292,8
12703,8
13225,8
10802,8
8937,8
12997,8
13970,8
13753,8
14519,8
12824,8
12898,8
12449,8
6504,8
2366,8
1945,8
13088,8
12985,8
12539,8
11988,8
9379,8
9544,8
12881,8
12943,8
11258,8
12481,8
13304,8
12519,8
9172,8
11224,8
14564,8
13802,8
12522,8
12512,8
8514,8
12926,8
13029,8
12542,8
5867,8
12401,8
12908,8
9546,8
12899,8
5450,8
12194,8
11899,8
13125,8
2123,8
1747,8
2727,8
5120,8
5474,8
13754,8
13569,8
12499,8
13216,8
12299,8
12959,8
12944,8
8521,8
12394,8
12578,8
13781,8
10229,8
12594,8
13723,8
11744,8
13453,8
12994,8
13455,8
12405,8
12563,8
13008,8
12978,8
13767,8
13294,8
13314,8
10388,8
12466,8
12764,8
12447,8
12390,8
8989,8
11280,8
11115,8
12983,8
5583,8
10640,8
2594,8
13493,8
13260,8
11958,8
13517,8
13116,8
12406,8
12301,8
12182,8
12829,8
12916,8
11316,8
10494,8
12907,8
5598,8
8507,8
12424,8
12471,8
9381,8
13953,8
12526,8
3694,8
10704,8
13075,8
4587,8
12425,8
13017,8
14900,8
12399,8
13456,8
12659,8
12470,8
12540,8
13080,8
11544,8
10430,8
12911,8
13268,8
11132,8
9403,8
11756,8
12161,8
11368,8
13214,8
2803,8
2438,8
10364,8
9395,8
12849,8
12711,8
12387,8
9555,8
5500,8
12751,8
12814,8
15036,8
12965,8
14899,8
2287,8
11575,8
9052,8
12517,8
12356,8
5026,8
11203,8
11175,8
12346,8
14111,8
13186,8
12747,8
11992,8
13442,8
12531,8
4736,8
12733,8
10708,8
13755,8
12979,8
9638,8
12140,8
11904,8
13254,8
12749,8
12302,8
11420,8
12294,8
12562,8
12368,8
12823,8
1421,8
12863,8
12546,8
13109,8
12370,8
5485,8
13307,8
4319,8
12627,8
13043,8
5659,8
138,8
12345,8
12928,8
12508,8
13782,8
13269,8
12940,8
9683,8
5059,8
83,8
14871,8
12515,8
8516,8
14594,8
15057,8
1625,8
15232,8
11972,8
13266,8
12660,8
12017,8
10405,8
15047,8
13200,8
12504,8
12954,8
12005,8
12006,8
4201,8
5820,8
12020,8
13002,8
13077,8
14857,8
12544,8
13494,8
13292,8
13083,8
11542,8
12831,8
10779,8
12440,8
11835,8
13458,8
10475,8
5075,8
11227,8
13072,8
3748,8
2974,8
15129,8
13771,8
12513,8
12963,8
13319,8
12745,8
12409,8
12929,8
11754,8
12514,8
13201,8
9214,8
12826,8
3624,8
10472,8
7282,8
12297,8
11802,8
13113,8
12567,8
12888,8
8211,8
2593,8
12980,8
12303,8
10444,8
9278,8
8985,8
12483,8
1767,8
4724,8
9643,8
1450,8
102,8
13785,8
859,8
5737,8
1246,8
4764,8
12755,8
12395,8
12396,8
12397,8
12388,8
12183,8
6186,8
7191,8
15350,8
15495,8
13205,8
13423,8
12998,8
5581,8
12426,8
9576,8
13577,8
4730,8
10446,8
12382,8
5521,8
5519,8
13388,8
13127,8
9044,8
13434,8
12398,8
13184,8
4777,8
13337,8
12705,8
9087,8
13457,8
6463,8
3572,8
8980,8
13794,8
1219,8
8522,8
10462,8
13042,8
8558,8
13366,8
12746,8
12176,8
4990,8
5484,8
12967,8
4254,8
4320,8
12946,8
4293,8
12536,8
13358,8
12427,8
8987,8
11998,8
12568,8
12969,8
9283,8
13419,8
12383,8
13696,8
1438,8
12950,8
7537,8
12761,8
4529,8
13155,8
8506,8
11841,8
3287,8
5604,8
11133,8
12348,8
12632,8
6188,8
15308,8
2806,8
12375,8
13326,8
8520,8
8254,8
12450,8
7360,8
13095,8
12374,8
12418,8
4553,8
5477,8
12492,8
13150,8
7242,8
12179,8
13009,8
12451,8
2601,8
12904,8
13156,8
2493,8
13163,8
10340,8
12518,8
8897,8
10421,8
10370,8
12408,8
12510,8
12376,8
12410,8
11205,8
12355,8
10785,8
5063,8
12223,8
12366,8
13086,8
12080,8
8628,8
13040,8
12716,8
11128,8
12378,8
8101,8
10613,8
12561,8
9493,8
14544,8
10005,8
12484,8
12957,8
10568,8
12308,8
12820,8
13106,8
5738,8
2617,8
13759,8
9105,8
4316,8
13795,8
13789,8
13777,8
13147,8
8511,8
12762,8
13382,8
12973,8
13073,8
12444,8
13430,8
13582,8
12981,8
12300,8
10803,8
8406,8
12371,8
12392,8
5318,8
11356,8
13222,8
12372,8
13084,8
13097,8
12323,8
13607,8
10584,8
12200,8
12534,8
12909,8
12951,8
8106,8
13780,8
15044,8
12411,8
87,8
13230,8
12570,8
13726,8
14142,8
13351,8
5526,8
12948,8
9747,8
8583,8
13118,8
10348,8
12359,8
5679,8
12416,8
12417,8
10800,8
12571,8
12528,8
11102,8
13190,8
6426,8
14130,8
12203,8
8931,8
9751,8
13149,8
12456,8
12986,8
12910,8
5066,8
13005,8
12373,8
12402,8
12404,8
9228,8
12810,8
10766,8
15020,8
12756,8
9779,8
12704,8
10564,8
12442,8
12622,8
9756,8
12742,8
8605,8
13328,8
12414,8
12915,8
14662,8
6461,8
12407,8
10741,8
10286,8
9079,8
9828,8
8447,8
7715,8
11920,8
2033,8
9823,8
9782,8
9752,8
10433,8
4849,8
11940,8
10822,8
12878,8
4263,8
13954,8
15386,8
13027,8
14626,8
12987,8
12480,8
12968,8
11201,8
5601,8
12403,8
1444,8
5871,8
12937,8
6667,8
6303,8
13437,8
12879,8
12469,8
5177,8
10655,8
8341,8
12945,8
13206,8
14554,8
8893,8
12952,8
13034,8
4160,8
14073,8
6207,8
12588,8
13376,8
12459,8
8317,8
12452,8
11428,8
10673,8
7340,8
10852,8
8469,8
13454,8
14943,8
13622,8
8876,9
9004,9
4302,9
9412,9
4551,9
5400,9
813,9
13413,9
7245,9
9040,9
6281,9
10536,9
9540,9
9041,9
7261,9
12822,9
9096,9
8629,9
13378,9
8879,9
2717,9
8549,9
10248,9
9048,9
5579,9
4258,9
12982,9
1684,9
4552,9
9011,9
8877,9
14913,9
2499,9
8165,9
8712,9
7525,9
2001,9
6971,9
7018,9
2254,9
1842,9
4167,9
2316,9
12172,9
11210,9
8593,9
9067,9
7190,9
947,9
5551,9
7296,9
12697,9
9022,9
8606,9
13166,9
10249,9
3974,9
8758,9
4540,9
13418,9
14804,9
13093,9
12720,9
6908,9
8724,9
13324,9
10649,9
10453,9
6894,9
11237,9
8722,9
15155,9
12386,9
1622,9
9043,9
1694,9
4130,9
5566,9
10230,9
4142,9
8869,9
15043,9
8647,9
5479,9
10341,9
9023,9
7557,9
13952,9
396,9
13225,9
14588,9
4612,9
12116,9
12811,9
12827,9
96,9
5054,9
13383,9
6319,9
7061,9
4183,9
6528,9
3701,9
3260,9
9199,9
14017,9
2586,9
13350,9
8171,9
4508,9
12881,9
12435,9
10476,9
8997,9
5403,9
6813,9
4344,9
13519,9
10448,9
14504,9
1979,9
13122,9
6699,9
2054,9
8692,9
2756,9
8823,9
13977,9
7192,9
8820,9
5784,9
12465,9
8715,9
9068,9
8147,9
6926,9
1602,9
3513,9
7800,9
5609,9
15000,9
3879,9
9630,9
1367,9
8895,9
12959,9
12170,9
9071,9
8870,9
10375,9
7025,9
14511,9
12764,9
8989,9
607,9
5220,9
10640,9
12023,9
9628,9
1792,9
4303,9
15122,9
9648,9
1653,9
8770,9
9076,9
957,9
3776,9
12178,9
11694,9
4255,9
2385,9
4218,9
13058,9
2399,9
11946,9
9024,9
13067,9
14900,9
7297,9
8567,9
2018,9
9056,9
4503,9
9034,9
9057,9
5299,9
9014,9
2363,9
7298,9
2193,9
6968,9
9202,9
2803,9
14520,9
9478,9
9042,9
9065,9
2345,9
9103,9
15114,9
12774,9
9346,9
9028,9
13509,9
7265,9
9075,9
12814,9
15036,9
14899,9
9148,9
5031,9
8709,9
5332,9
15156,9
1247,9
8610,9
531,9
4307,9
12988,9
4723,9
9638,9
1329,9
6100,9
15157,9
11994,9
15380,9
13254,9
3196,9
11759,9
8718,9
8832,9
3330,9
2587,9
8909,9
2796,9
8735,9
7017,9
7241,9
10416,9
13816,9
8652,9
9018,9
4388,9
6462,9
8531,9
8615,9
6912,9
1625,9
7012,9
8667,9
8727,9
8728,9
8818,9
4223,9
950,9
8607,9
9193,9
9000,9
2528,9
13000,9
4611,9
942,9
4596,9
9006,9
7193,9
7147,9
9072,9
9025,9
6517,9
7013,9
9339,9
9013,9
2184,9
5528,9
2321,9
8537,9
3999,9
13279,9
11835,9
9019,9
13072,9
6735,9
11919,9
4148,9
9012,9
4671,9
9077,9
12913,9
13740,9
9008,9
7196,9
1888,9
8637,9
10381,9
6843,9
9348,9
10551,9
7216,9
5280,9
8714,9
1784,9
9045,9
11873,9
15161,9
9382,9
7282,9
7119,9
3346,9
2724,9
1751,9
4295,9
12015,9
4672,9
14759,9
8608,9
9073,9
8858,9
7215,9
10487,9
2426,9
9060,9
6116,9
2621,9
8801,9
6118,9
6802,9
13303,9
9064,9
9195,9
11261,9
10506,9
4013,9
9086,9
5737,9
15378,9
12755,9
8716,9
7257,9
5557,9
9389,9
8914,9
6688,9
9639,9
12792,9
13110,9
13739,9
5607,9
5742,9
13220,9
9576,9
2529,9
9009,9
13105,9
7264,9
4577,9
4294,9
9044,9
7286,9
13434,9
9386,9
13184,9
9087,9
8773,9
15343,9
5221,9
10449,9
12999,9
8522,9
9267,9
4340,9
3431,9
4610,9
4990,9
4673,9
2071,9
4293,9
6970,9
2869,9
1436,9
3106,9
3120,9
9169,9
9462,9
4233,9
1438,9
9078,9
7148,9
6911,9
9020,9
5029,9
8805,9
6867,9
3197,9
7253,9
1633,9
8561,9
2718,9
15162,9
3761,9
13155,9
11995,9
5604,9
3180,9
4758,9
4679,9
12632,9
3896,9
7255,9
10244,9
2161,9
12796,9
8250,9
13153,9
13112,9
13013,9
8259,9
7260,9
12819,9
7129,9
15163,9
9712,9
929,9
8145,9
5487,9
5795,9
4558,9
911,9
3332,9
8609,9
12821,9
4553,9
9036,9
6857,9
9007,9
9074,9
8172,9
6697,9
13009,9
11576,9
8611,9
4705,9
5447,9
7233,9
3129,9
7250,9
13414,9
10340,9
8897,9
4087,9
13447,9
3506,9
623,9
7029,9
5541,9
9054,9
3501,9
5605,9
2167,9
11208,9
12838,9
4051,9
4384,9
6698,9
3803,9
12817,9
8414,9
12080,9
4385,9
12816,9
8628,9
8645,9
5975,9
8795,9
9421,9
13124,9
12472,9
6511,9
10545,9
2875,9
13397,9
3308,9
6284,9
3148,9
13106,9
2364,9
11921,9
5738,9
15496,9
11866,9
8612,9
15608,9
8599,9
10243,9
9015,9
1645,9
9088,9
5314,9
9010,9
13251,9
8846,9
12981,9
4146,9
6240,9
10808,9
2876,9
4112,9
5818,9
2152,9
9037,9
9734,9
12694,9
3450,9
12783,9
12735,9
8576,9
15158,9
2871,9
7014,9
6546,9
10670,9
13010,9
4330,9
14649,9
5865,9
6598,9
8981,9
14508,9
9696,9
4456,9
1914,9
2912,9
3723,9
6944,9
2610,9
6799,9
3548,9
10800,9
2759,9
15407,9
3360,9
11889,9
7351,9
9005,9
6900,9
3641,9
12688,9
2913,9
4643,9
9026,9
11677,9
9031,9
8687,9
10003,9
2775,9
9413,9
6918,9
12704,9
7809,9
8294,9
5783,9
8625,9
8764,9
11864,9
4537,9
5511,9
4113,9
7359,9
14156,9
4120,9
10386,9
1342,9
2300,9
6716,9
9079,9
7594,9
9828,9
15299,9
6640,9
8419,9
9823,9
9777,9
6449,9
7859,9
9217,9
10245,9
9001,9
3924,9
12642,9
8427,9
8164,9
6015,9
9829,9
10864,9
6155,9
4428,9
2073,9
10774,9
7223,9
13416,9
7019,9
15414,9
5601,9
11426,9
7854,9
9806,9
8208,9
4447,9
6994,9
6667,9
2006,9
10655,9
5707,9
14116,9
3462,9
8458,9
1509,9
6438,9
4867,9
10303,9
8636,9
3437,9
9753,9
8974,9
3930,9
5736,9
13208,9
7005,9
10662,9
9667,9
8469,9
7650,9
10422,9
3929,9
2126,9
9807,9
7941,9
3972,9
9625,9
13689,9
5796,9
8298,9
9183,10
10002,10
8898,10
8694,10
8919,10
12976,10
8685,10
9190,10
1890,10
4062,10
6873,10
8684,10
10538,10
8756,10
6974,10
8689,10
8108,10
8941,10
8834,10
4130,10
8899,10
9121,10
9208,10
694,10
3737,10
7430,10
8883,10
8663,10
8902,10
12985,10
4063,10
7206,10
9128,10
8677,10
8938,10
684,10
8692,10
8699,10
8666,10
13290,10
8905,10
8920,10
8901,10
9191,10
9601,10
8697,10
8696,10
7251,10
9409,10
8683,10
8906,10
8546,10
9161,10
7490,10
6988,10
9204,10
1935,10
7480,10
3144,10
3787,10
8695,10
9178,10
8652,10
7016,10
4134,10
9122,10
8915,10
9194,10
9120,10
926,10
8535,10
6858,10
2470,10
8904,10
6892,10
7481,10
9643,10
6749,10
6859,10
9173,10
1934,10
14584,10
6755,10
7483,10
1616,10
4390,10
1654,10
2555,10
15533,10
4642,10
6921,10
10619,10
10194,10
3421,10
2493,10
4378,10
8900,10
7262,10
6854,10
1582,10
1709,10
7280,10
6855,10
3864,10
2377,10
7416,10
6983,10
13439,10
6893,10
13305,10
7208,10
9144,10
7267,10
2909,10
3722,10
6875,10
2059,10
4067,10
4428,10
8700,10
2487,10
4785,10
127,11
3074,11
9234,11
14184,11
10702,11
6871,11
12215,11
9290,11
6281,11
7517,11
7404,11
5296,11
13078,11
6885,11
8919,11
9016,11
10601,11
9298,11
1878,11
7291,11
13031,11
9246,11
14887,11
9139,11
9244,11
4477,11
9190,11
12844,11
2499,11
3884,11
2252,11
4851,11
558,11
3588,11
9270,11
5131,11
9345,11
6519,11
562,11
1937,11
5431,11
13079,11
5899,11
7066,11
4828,11
8758,11
6722,11
10626,11
9250,11
4310,11
8840,11
7321,11
8941,11
12225,11
5324,11
1854,11
2360,11
1334,11
13183,11
6975,11
8825,11
3763,11
12703,11
6111,11
8883,11
6143,11
4072,11
7169,11
7388,11
2777,11
7476,11
3791,11
6528,11
1945,11
9312,11
720,11
9304,11
3029,11
7249,11
3648,11
3368,11
2344,11
8938,11
10054,11
2569,11
7192,11
1962,11
13061,11
9279,11
15130,11
2123,11
1747,11
6730,11
4770,11
13191,11
2804,11
6332,11
2255,11
1003,11
690,11
13129,11
12978,11
4425,11
9980,11
10450,11
8850,11
8530,11
9252,11
5401,11
13116,11
4074,11
10063,11
14740,11
6909,11
9245,11
11925,11
3001,11
3923,11
6261,11
3519,11
6737,11
9299,11
2469,11
9308,11
12159,11
9127,11
7182,11
2039,11
312,11
9346,11
2570,11
4757,11
10553,11
7270,11
7221,11
2442,11
11680,11
7210,11
9242,11
4213,11
5015,11
9243,11
11315,11
1660,11
3262,11
5628,11
13579,11
2004,11
11282,11
9259,11
6728,11
8826,11
8909,11
13198,11
323,11
3998,11
13181,11
9559,11
3801,11
11387,11
12043,11
9251,11
7102,11
6120,11
8531,11
9560,11
3336,11
7009,11
6181,11
4570,11
7522,11
7520,11
12005,11
3466,11
14857,11
3813,11
10055,11
13176,11
9235,11
10432,11
8915,11
9606,11
2349,11
8761,11
6800,11
12869,11
8857,11
12852,11
7370,11
3632,11
5280,11
1658,11
3802,11
926,11
9258,11
1316,11
6969,11
3778,11
8791,11
13143,11
5673,11
6000,11
3838,11
6689,11
6398,11
6972,11
12153,11
14576,11
9060,11
11981,11
6194,11
129,11
2036,11
7474,11
6964,11
3631,11
12730,11
14114,11
7507,11
8793,11
10361,11
13250,11
3227,11
6391,11
9303,11
3713,11
4865,11
3154,11
1763,11
14691,11
6833,11
3836,11
1804,11
13105,11
7264,11
1732,11
6516,11
6206,11
9386,11
7581,11
2108,11
12809,11
10738,11
13366,11
12746,11
2267,11
9150,11
4771,11
13187,11
2999,11
7152,11
6731,11
8888,11
11998,11
6970,11
7371,11
9305,11
8741,11
7275,11
2494,11
3805,11
11845,11
9323,11
7478,11
11982,11
1993,11
2263,11
9343,11
4638,11
3554,11
7457,11
8842,11
7043,11
6050,11
1644,11
9301,11
10060,11
15226,11
13146,11
8299,11
10194,11
6525,11
301,11
5219,11
3792,11
10193,11
10057,11
2493,11
838,11
2110,11
9759,11
3758,11
3254,11
15028,11
10775,11
1866,11
3186,11
7896,11
4031,11
3803,11
1582,11
12432,11
692,11
2212,11
5975,11
8795,11
1957,11
10046,11
5915,11
5482,11
3140,11
15091,11
3069,11
7181,11
3258,11
9313,11
10058,11
15123,11
11870,11
8843,11
8598,11
7392,11
3647,11
8511,11
6074,11
3576,11
10224,11
9314,11
7116,11
6942,11
7040,11
3740,11
8762,11
13439,11
10059,11
7105,11
3238,11
9739,11
12832,11
2155,11
2241,11
1398,11
4259,11
3443,11
8445,11
6455,11
9695,11
5865,11
10828,11
2610,11
6082,11
3546,11
13157,11
2387,11
11299,11
2988,11
2230,11
6643,11
6962,11
1838,11
6910,11
9383,11
9727,11
1908,11
5701,11
5704,11
5308,11
6308,11
4429,11
4109,11
7333,11
6850,11
10065,11
7482,11
9737,11
10838,11
7859,11
8343,11
5309,11
4674,11
5862,11
2849,11
9261,11
6135,11
4829,11
764,11
4221,11
9306,11
10774,11
1766,11
12035,11
11201,11
5700,11
7671,11
6456,11
6830,11
6672,11
5707,11
6662,11
5697,11
6385,11
8636,11
9688,11
3515,11
13376,11
10056,11
15302,11
15255,11
8317,11
9748,11
10673,11
12232,11
7667,11
10422,11
6403,11
7941,11
9625,11
3266,11
5238,12
15088,12
260,12
4128,12
4551,12
12215,12
8838,12
7341,12
1769,12
6980,12
936,12
4552,12
14524,12
15204,12
11346,12
4141,12
12702,12
5513,12
947,12
9341,12
9604,12
551,12
4306,12
9212,12
4334,12
562,12
9142,12
15502,12
6952,12
13099,12
8833,12
2159,12
3314,12
8993,12
8724,12
1630,12
13324,12
421,12
680,12
9198,12
7064,12
11932,12
9570,12
7429,12
8726,12
3445,12
795,12
3699,12
3178,12
2360,12
12222,12
13729,12
3480,12
5297,12
1598,12
4072,12
5631,12
13383,12
10843,12
9675,12
8639,12
3646,12
14910,12
4508,12
4154,12
2979,12
2720,12
14750,12
1706,12
8942,12
13802,12
13137,12
683,12
5222,12
6405,12
2569,12
5826,12
2491,12
8820,12
5867,12
8715,12
9196,12
10633,12
8804,12
13965,12
4498,12
8905,12
2727,12
4770,12
15135,12
10539,12
3889,12
4089,12
5244,12
2255,12
10375,12
1712,12
2318,12
5429,12
3537,12
14727,12
4314,12
10450,12
3478,12
2492,12
8571,12
5583,12
2028,12
2544,12
9628,12
12830,12
1653,12
9785,12
1481,12
11694,12
3241,12
10494,12
2385,12
4187,12
2231,12
13058,12
9286,12
1665,12
9245,12
10706,12
7251,12
8173,12
2011,12
13080,12
72,12
8781,12
5299,12
9409,12
7298,12
6968,12
2354,12
5589,12
11853,12
1379,12
2721,12
3772,12
2265,12
1387,12
9161,12
2345,12
6395,12
13540,12
9103,12
15114,12
9028,12
4336,12
2570,12
6515,12
14730,12
10859,12
6862,12
2571,12
7210,12
14726,12
9255,12
4668,12
531,12
1380,12
1660,12
10708,12
2567,12
3892,12
13393,12
6635,12
2361,12
6728,12
7327,12
1131,12
422,12
7241,12
2210,12
4308,12
9018,12
11896,12
8158,12
11972,12
14152,12
1891,12
718,12
681,12
2745,12
7311,12
3030,12
1632,12
7302,12
3466,12
3786,12
14902,12
539,12
9025,12
686,12
1887,12
2184,12
1646,12
7074,12
4566,12
2386,12
7285,12
5246,12
2974,12
1666,12
10349,12
141,12
7196,12
3632,12
6289,12
7494,12
8535,12
2706,12
7119,12
6969,12
2882,12
4622,12
4971,12
11370,12
8222,12
5268,12
6211,12
3707,12
6861,12
12153,12
5402,12
348,12
2621,12
2338,12
10506,12
6557,12
5249,12
13212,12
515,12
4219,12
1756,12
1833,12
6688,12
7279,12
12792,12
4682,12
10314,12
854,12
4577,12
15110,12
8112,12
7286,12
620,12
5283,12
2341,12
7228,12
9032,12
7489,12
7201,12
143,12
2323,12
3471,12
8659,12
11851,12
2894,12
10623,12
1416,12
2295,12
7310,12
255,12
7134,12
11213,12
8673,12
1306,12
4649,12
6203,12
2994,12
7295,12
11288,12
6911,12
5563,12
3544,12
5150,12
7103,12
1363,12
2539,12
1633,12
6960,12
12234,12
4499,12
251,12
930,12
2125,12
4642,12
3807,12
6270,12
6795,12
2263,12
7259,12
10819,12
1643,12
14760,12
3554,12
4654,12
13326,12
1867,12
929,12
6702,12
3109,12
11559,12
619,12
2009,12
6992,12
9033,12
5501,12
687,12
7233,12
5245,12
598,12
4333,12
4378,12
3214,12
543,12
11275,12
3506,12
3254,12
2217,12
11424,12
3280,12
3596,12
1759,12
3307,12
14832,12
4384,12
4016,12
3279,12
8890,12
3584,12
1957,12
2510,12
9421,12
4728,12
2190,12
12217,12
3012,12
5300,12
3359,12
3069,12
10542,12
2807,12
2465,12
11842,12
2381,12
15123,12
2134,12
15608,12
2195,12
8598,12
6147,12
1875,12
590,12
1920,12
1996,12
10351,12
5284,12
1476,12
2221,12
10350,12
1999,12
4146,12
903,12
11339,12
8406,12
8338,12
8459,12
2158,12
2152,12
4286,12
8505,12
3107,12
2048,12
14761,12
9722,12
4326,12
622,12
8452,12
2758,12
648,12
10845,12
10757,12
6671,12
2478,12
8981,12
2615,12
10828,12
5247,12
1777,12
3451,12
3548,12
4277,12
707,12
613,12
11102,12
2859,12
8931,12
3808,12
1915,12
2230,12
2843,12
5613,12
10003,12
7332,12
9779,12
257,12
13578,12
8285,12
4149,12
4054,12
5289,12
7908,12
2059,12
4451,12
11920,12
6640,12
8828,12
14163,12
8419,12
4430,12
9777,12
9782,12
10838,12
9711,12
8343,12
5822,12
10822,12
5309,12
7467,12
3924,12
5248,12
14121,12
5278,12
3551,12
4202,12
15099,12
2127,12
4396,12
8269,12
2129,12
15414,12
5601,12
4046,12
5700,12
14144,12
4447,12
2261,12
13410,12
8456,12
8377,12
5697,12
8410,12
1672,12
8458,12
2219,12
10664,12
1539,12
6680,12
2181,12
6587,12
13445,12
15286,12
2602,12
517,12
5801,12
8373,12
4371,12
9881,12
9667,12
9622,12
7340,12
8402,12
5595,12
8230,12
15310,12
8298,12
8403,12
8308,12
